

150
6766 7898
599 2183
3937 220
4059 620
1767 2342
1028 9358
1370 1754
3261 2336
5 8338
37 1965
9131 8702
7455 2647
7610 2402
1544 5325
7088 301
728 8588
4093 9675
8363 3738
6954 3359
3825 7455
9928 2619
5284 2884
6493 8306
9160 9552
3548 8256
9224 608
8676 1032
143 7191
954 2910
7734 8583
1305 5430
9293 2238
6442 8716
731 211
9904 8964
4681 531
8262 2085
6573 8791
5531 5106
2404 2088
1373 9033
1987 2534
325 2624
2286 5413
4067 5676
1417 1993
3514 5138
1310 6963
606 4515
7295 9435
9611 2452
6445 3648
6040 3756
344 8303
925 4450
7337 9424
1505 5621
365 9702
6712 8925
9028 7048
1068 3858
2410 4523
42 907
4532 1795
1376 7482
9150 266
676 4838
2355 6943
2230 5400
5245 3666
122 7002
6191 5679
1663 9420
1744 2329
2709 9289
633 3705
4702 9834
6497 7239
530 1512
7367 8711
6632 8
593 9815
6546 2737
9700 9032
4425 4001
4196 6459
2186 722
8013 9614
3728 3815
8402 7191
6498 7595
8020 9935
5711 9658
966 1154
5160 2401
575 3255
2254 3700
2960 8987
8445 1135
1960 2098
8216 2992
1621 8208
8421 9170
2509 7396
2043 5868
6892 9319
5113 8858
3391 3859
9001 4140
1840 6615
1895 8014
36 9450
8283 9384
787 9709
910 4007
6663 1270
5051 5019
5143 9770
8980 1506
1733 9834
6808 7396
805 7537
3362 2624
672 4845
868 535
6649 2220
308 3927
6750 424
8919 1563
2882 2166
9020 4769
7528 1851
4379 1947
6660 7488
4558 9722
2862 2376
1759 3896
1399 3390
6595 2340
2304 5828
5607 2547
1655 2057
7753 1317
1300 3947
5288 6725
4020 7565
1167 1365
2325 2714
7038 9321
6802 8731
000000000000000000000000000000000000000000000000000000000000000000000000000000000000000000000000000000100000000000000000000000000000000000000000000000
000000000000000000000000000000000000000000000000000000000000000000000000000000000000000000000100000000000000000000000000000000000000000000000000000000
000010100000000001000000010000000000000000000000000000000000000100000001010010000000000000010000000000000000000000100000000000000000000000000100000000
000000000000000000000000000000100000000000001000010000000000000000000000000000000010000000000000001000100000000000000100000000000000000000000000000000
001001000000000000000000000010010000000000000000000000000000000000000000000000001000100000000000000000000000000000000000000000001000000000000000000000
000010000000000000000010000000000001001001000000000000000100000000000000000000000000000000000000000000000000000000100000000000000000000000000000000000
001000000000000000000100000000000000000000000000000000000000000000100000000000000000100000000000000000010000000000000000000000010000000000000000000000
000000000000000000000000100000000000000000100000000000010000000000000000000000000000000000001000000000000000000000000001000000000000000000000000000000
000000000010000000000000010000000000000000000001000000000101000000000000000000000000000001000000000000000000000000100000000000000000000010000000000000
000000000000000000000000000000000100000000000000000000000000000000000000000000000000000010000000000000000000000000000000000000000100000000000000000000
000000001000000000000000000000000000000000000000000000000000000000000000000000000000000010000000000100000000000000000000000000000000000000000000000000
000000000000000000000000000000000000000000000000000000000000100000000001000000000000000000000000000000000000000001000000000000000000100000000000000000
000000000000000000000000000000010000000000000000000000000000000000000000000000000100000000000000000000000000000000000110000100000000000000100000000000
000000000000000000000000000000000000000000000000000000000000000010000000000000000010001000000000000000000000000000000000000000000100001000000000000000
000000000000000000000000000000001000000000000000000000010000000000000000000000000000001000000000000000000000000000000000010000000000000000000000000000
000000000000000001000000000000000000000000000000000000000000000000000000000000000000000000000000000000000000000000000000000000000000000000000000000000
000000000000000000000000000000101000010000000000000000000000000000000000000000000000000000000000000000000000000000000000010000000000000000000000000000
001000000000000100000000000000000000000000000000000000000100000000000000000000000000000000000000000001000010000000000000000000000000000000000000000000
000000000000000000000000000001000000000000000010010000000000000000010000000000000000000000000000000000000000000000000000000000000000000000000001000000
000000000000000000000000000000000000000100100000001001000010000000000100000000000000001000000000000000000000000000000100010000000000000000000000000000
000000000000000000000000000000000000000000000000000000000000000000000000000000000000000000000000000000000000000000000000000010000000000000000000000000
000000100000000000000000000000000000000000000000000000000000001001000100000000000000000000000000000000000010000000000011000000000000000010010000000000
000001000000000000000000000000000000000000000000000000000000000000000000000000000000000000000000000000100000000000000100000000000000000000000000001000
000000000000000000000000000000000000000001000000000000000001000000000000000000000001000000000000000000000000001000000000000000000000000000000000000000
000000010000000000000000000000000000000000010000000000000000000100000000000000000000000000000000000000000000000000000000000000000000000000100000100000
001000001000000000000000000001010000010000000000000000000000000000000000000000000001000000000000000001000000000000100000000000000001000010000000000000
000000000000000000000000000010000010000000000000000000000000000000000000000000001000000000000010000000100000000000000000000001000000000000000000000100
000000000000000000000000000000000000000000000000000000000000000000000000000000000000000001010000000000000000100000000000000000000001001000000000000000
000010000000000000000000001000100000000000000000000000000000000000001000000000000000000000000000000000100000000000000000000000000000000000001000000001
000000000000000000100000010000000000000000000000000000001000000000000000000000000000000000001000000000000000000000000000000000000001000000000000000000
000100000000000010000000000010000000000000000000000000000000000000000000000000000000000000001000000000000000000000000000000000000000000000000000000000
000010000000100000000000010000000010000000000000000000000000000000000000001000010000000000000000001000000000000000000000000000000000001000000000000010
000000000000001010000000000000000000000000000000000000000000000000000000000000000000000000000000000000000000000000000000000000000000000000010000000000
000000000100000000000000000000000000000010000000000000000000000000001000000000000000100001000000000000000000000000000000000000000000000001000000000000
000000000000000000000000001000010000000000000000000000000010000000000000000000000000000000000000000000000000000000000000000000000000000000000000000001
000001000000000000000000000000000000000000000000000000001000000000000000000000000000010100000000000000000000000000000000000000000000000000000010000010
000000000000000000000000000000000000000000000010001000000000000000000001000000000000000000000001000000000000000000000000000000000010000000000000000000
000000000000000010000000010000000000000100000000000000001000000000000000000001000000000000000000000000000000000000000000000000000000000000000000001000
000001000000000000000000000000000000000000000000000000010100000001000000000000000001000000000000000000000000000000000000000000000000000000000000000000
000000000000000000010000000000000000010000100000010001000000100000001000000000000000000100000000000000000000000000000100000000000000100000000000000000
000000000000000000000000000000000100000000000000000000000000010000000000100000000000000000000000000000000000000000000000000000000000000000000000000000
000001000000000000000001000000000000000000000010000000000000010100000000000000000000000000000000000000000000001000000000000100000000000000000010000000
000000010000000000010000000000000000000100000010000000000000000010000000000000000000000000000000000000000100000000000000100000000000000001000000100000
000000000000000000000000100000000000000000000100000000000000000000000010000000000000000000000000000000000000100000000000000000000000000010000000100000
000100000000000000000000000000000000000000000000000001000000000010000000000010010001100000000000000000000000000000000000000000000000000000000000000000
000000000000000000000000000000000000000000010000000000000000000000000000000000000000000000000000000000000000000000000000000000000000000000000000000000
000000000000000000100000000000000000100001100000000000000000000000000000000000000000000000000000000000000000000000000000000000000000000000000000000000
000000001000000000000000000000000000000000000000000000000000000000000000000000000000000000000000000000000000000001000000000000000000000000000000000000
000000000000000000000000000000000000000000000000000000000000000010000000000000000000000000000000000000000000000000010000000000000000000000000000000000
000100000000000000100000000000000000000100000000000010000000000000000000001000000000000000000000000000000000000000000000000000000000000000000000000000
000000000000000000010000000000000000100000000000000000000000000000000000000000000000000000000000000000000000000000000000000000000000000000000000010000
000000000000000000000000000000000000000000000000000000010000000100000000000000000000000000000000000000000000000000000000000000000000000000000000000010
000000000000000000000000000000000000000000000000010000000000000000000000000000000000000000000000000000000000000000000000000000000100000000000000000000
000000000000000000010000000000000000000100001000000000000000000000000000001000000000000000000000000000000000000000000000000000000000000000000000000001
000000000000000000000000000000000000000000000000000000000000000000000000000000000000000000010000000000000000000000000000000000100000000000000100000000
000000010000001000000000000000000000001000000000000100000000000000000000100000000010000001000000000000000001000000000000001000000000000000000000000000
000000000000000000000000000001000001010000000000000000000000000000000000000000000000000000000000000000000000000000000000000000000000000000000000000010
000001001000000001000000000000000000001000000000000000000000000000000100000000000000000000000000000100000000000001000000001000000000000000000000000000
000000000000000000010000000000000010000000000000000000000000000000000000000000000000000000000000000000000000000000000000000000001100000000000000000000
000000001000000000000001000000000000000000000000000000000000000000000000000000001001000000000000010100000000000000000000000000000000000000000000000010
000000000001000000000000000000000000000100000000000000000000010010000001000000010000000000000000000000000000000000000000000000000000010000000000000100
000000000000000000000000000000000000000011000000000000000000100000000000000000000000000000000000000000000000000000000000000000000000000000000000100000
000000000000000000000100000000000000000000000000000000000000000000000000000000000000000000000100000001000000000000000000000000000001000000000000000000
001000000000000000000000100000000000000001000000000100000000000000000000000000000000000000000010000100000000000000000000000000000000000000000000000000
000000000000010000000000000000000000000000101000100000000000100000000000000000001000010000000000010000000000000000000000000000000000000000001000000001
000000000000000000000100000000000000001000000000000000000000000000000000000000001000000000000000000000000000000000000000000000010000000000000000000000
000000100000000000000000000000000000000000000000000000000000000000000000000000000000000000000000000000000000000000000100000000000000000001000000000000
000000000000000000100000000000000000000000000000000000000000000000000000000000000000000000000000000000000000000000000000000000000000000000000000100000
000000000000000000000000000010000100000100000000000000000000000000000000100010000000000000000000000000000000000010000000000000000000000000010000000000
000000000000000000010100000000000000000000000000000000000100000000000000000000000000001000000000000000000000000000000100000000000001000001000000000000
000000000000000000000000000000000000000000010000000000000000000000000000000000000000000000000000000000000000000000000000000010000000000000000000000000
001000000001000000000000000000000000100000000000000000000000100000000000000000000000000000000000000000000000000000010000000000000011000000010000000000
000000000000000000000000000000000000000010000000000000010000000000001000001000000000001000000000000000000000000000000000000000000000000000000000000010
001000000000000000000000000000000000000000000000000000000000000000000000000000000000000000000001000000000000000000000000000000001000000000000000000000
000000000000000000000000000000010000000000000000010001000000000000000000100100000000000000000000010000000000010000000000000000000010000000000000000000
000000000000000000000000000000000000000000000000000000000000000000000000001000000000000000000000000000000000000000000000000000000000000000000000000000
001000000000000000000000000000000000000000001000000000000000000000001000000000000011000000000000000000000000000100000000000000000000001000000000000000
000000000000000000000000000000000000010000000000000000000000000000000000000000000000000000000000000010000000000000000000000000000000000000010000000000
000000000000000000000000000000000000000000000000000000000000000000000000000000000000000000000000000000000000000000000000000000010000000000000000000000
000000000000000000000000000000010000000000001000000000000000100000000000000000000000000000000000000000100000000000000000001000000000000000000000000000
000010000000000000000000001000000000000000000000000000000001000011000000000000000000000001000000000000000000000000000000000000100000000000000000000000
000000000000100000000000000000000000000000000000000000000000000000000000000000000000000000000000000000000000000000000000000000010000010000000000000000
000100000000010000000000000000000000000000000000000000010000000000000000000010000000000000000000000000000000000000000000000000000000000000000000000000
000000000000000000000001010000000000001000001000000000000001000000000000000010000000000000000010000100000000000000000000000000000000001010000000000100
000010100000000000000000000000000100000000001000000000000000000000000000000000000000000000000000000000000000000000000000000000000000000000000000000000
000000000000000000000000000000000001000000000000000000000000000010000000000000000000000000000000000001000000101000000000000000000010000000000001000000
000000000000011000010000000000000000000000000000000000000000000000000100100000000000000000010000000000000000000000000000000001000000010000000000010000
000000000000000000000000000000000001000100000000000000000000000000000000000000000000000000000000000000000010000000100000000001000000000000000010000000
000000000110000000000000000000000000000000000000000000000000000000000000000000000000000000000000000000000000000000000000000000000000000000000000000000
000000001000000000000000000100000100000000000000000000010000000000000000000000001000000000000000000000000000000000010000000000000000000100000000000000
000000000000000000000000000000000000000000000000000000000000000000000000000000000000000000000001000000000000100000000010000000000000000000000000000000
001000000000000000000000000100000000000000000000000000100000000000000000000000000000001000000000100000000000000000000000000000000000000000000000000000
000000010000000000000000000001100000000000000000000000000000000000000000000000000000000000000000000000000000000100000000100000000000000000000000000000
010000000000000000000000000000000000000000000000000000000000001000000000000000000000000000000000000000000000000000000000000000000000000000000100000000
000000000000000000000000001000000000000000000000000000000000000100000000000000000001000000000000000000000100000000000001000100000000000001000000000000
000000000000000000000000000000000000100000000000000000000000000000000000010000000000000000100000000010010000000000000000000000000001000000000000000000
000000000000000000000000000000000000000000000000000000000000000000000000000000000000000000010000000000000000000000000000000000001000000100000000000000
000000000000000000000000000000000000000000000000000000000001000010000000001000000000000000000000000000000000000000000000000000000000000000000000010000
000100000000000000000000000000010000000000000000000000000000000000000000000000000000000000000000000000000000000000000000000000010000000000000000000000
000000000010000000000000000000000000000000000000000000000101000100000000000000000001000000000000000000000010000000000000000000000000000000000000000000
000000000000000000000000000000000000000000000000000000000000000000000000000001000000000000000001000000000000000000000000000000000000000000100000000000
000000000000000001000000010000000000000000000000000000000000001000000000000000000000010000000000000000000000000000000000000000000001000000000000000000
100100000000000000000010001010000000000000000000000000000000000000000000000000010000000000000000000000010000000000000000000001000000000001000000000000
000000100000000000000000000000000000000000000000000000000000000000000000000000000000000000000001000000100000001000000000000010000000000000000000000000
000000000000000000000000000000000000000000000000000000000000000000000000000000000000000000000000000000000000000000000000000000000000000000000000000000
000000000000000000000000000000000000000000100000000000000000000000000000000000000000000000000010000000000000000000010000000000000000000000000000000000
000000000000000001000100000000000000000000000000000000000000000000000000000000000000000100000000000100000000000000001000000000000000000000000000000000
000000000000000000000000000000000000000000000000000000010000000000000000000000000000000000000000000000000000000000000000000000000000000000000110000000
000000000000000000000000000100000000000000010000000000000000000000000000000000000000010000100000000000000000000000000000000000000001000000000000000000
000000000000000000000000000000000000000000000000000000000000000000000000001000000000000000000000000000000000000010000000000000000000000000000000000000
000000000000000000000001000000000000000001000000000000000000000000000000000000000000010000000000000000010000000000100000000000000100000000000100000000
000000000000000000000000000000000000000000000000000000000000000000000000000010000000000000001000000000000000000000100000000000000000000000010000000000
000000000000000000000000000000000000000000000000000000000000000000001000000000000000000000000000000000000000010000000000000000000000000000000000000000
000000000001000000000000000000000000000000000001000000000100000000000000000000000000000000000000000000000000000000000000000000000000000000000000000000
001001001000000000000000010000000000000000000000000000000000000000000000000000000000000100000000000000000000001100001100000000000010000100000000000000
000000000000000000000000000000000000000000000000100000000000000000000001000000000000000001000000000000000100000000000000000000000000000000000000000000
000000000000000000000000000000000000000000000000000000000000000000000000000000000000000000000000000000000010000000100000000000001000000100100000000000
000100000000100000010010000000000000000100000000000000000000000000100100000000000000000000000000000000000000000000100000000001000000000000000000000000
000000000000100000000100000000000000000000000000000000000000000000000000000000000000000000100000000000000000000000000001000000000000000000000000000000
000000010000000000000100000000000000000000000000000000000000000000000000000000000000000000000010000000000000000000000010000000000000000000000000000000
000000000000000000000000000000000000000000100000000000000000000000000000000000000000000000001000000000000000000000000000000000000000000000000000000000
000000000000001010010000000000000000000000000000000000000000000000000000000000000000000000000000000000000000000000000000000100000000000000000000000000
000000000000000000000000000000000000000000000000000000010100000000000000000000010000000000000000000000000000000000000000000100001001000000000000000000
000000000000100000000000000000000000000001000000000000000000000000000000000000000000000000000010000000000000000000000000011000000000010000000000000000
000000000000000000001000000000000000000000000000000000000000000000000010000000000000000000000000000000010000000000000000000000000000000000000000000001
000000000000000000000000001000000000000000000000000000000000000000000000000000000000001100000000000000100000000000000100000000100000000000000000100000
000000000000000000000000000000000000000000000000000000100000000000000000000000001000000000000000000000000000000000000000000001000000000000000000000000
000000100000000000000000000000000000000000000000000000000000000001000000000000100100000000000000001000000000000000000000000000000000010000001000000000
000010000000000000000000000000000000000000000000000000000010000000000000010000000000000000000000100000000000000000001000001000000000000000000000000000
000000000100010000000000000000000000000000000000000010000010000000000000000000000000000000000000000000000000001000000000000000000000000000000100000000
000000000000000000000000000000000000100000000000000000000000000000000001001000000000010000000000000000000000000000100000000000000000000000000000000000
000000000000000000000000010101000000000000000000000000000000001000000101000000000000000000000001000001000000100000000000001000000000000000000000000000
000000000001000000000000000000000000000100000000000000000000000000000000000000000000000000000000000000000000000000000000000000000000000000000000000000
000000000000000000000000000000000000000000000000000000000000100000000000000000000100001000000000000000000000000000000000000100010000000000000000000000
000000000000010000000000000100010000000000000000000000000000000000000000000010000001000000000000000000000000000000000000000000000000000000000000000000
000000000000000000000000000000000000000000000000000000000000000000000000000000000000000001000000100000000000000000101000000000000000000000000000000000
000000001000000000000100010000000000000000010000000000000000000000000000000000000001000000000000000000000000000000000000000000000000000000000000000000
000000000000000000000000000000000100000000100000000000000000000000100100000000000000000000000010000000100000000000000000000000000000000000000000000000
000000000000100000000000100000000000000000000000000000000000000000000000000000000000000000000000000010000000000000001000000000000000000000000000000000
000000000000000000000100000000001000000000000000000000000000000000001001000001000000000000000000000000000000000100000000000000000000000000000000000000
000000000000000000000000000010000000000000000000000000000000000010000000000000000000000000000000000000000000000000000000000000010000000000000000000000
001000000000000000000000000000000000000000000000000000100000000000000000000000000000000000000100000000000001001000000000000000000100000000000000000000
000000000000000000000000000000000001000001000000000000000000000000000000000000000000000100000000000000000001000000000000000000000000000000000000000000
000000000000000000100000000000000000000000000000000000000000000000000000000000000000010000000000000000000000000000000000000000000000000000000000010010
000000000000000000000000100000000000000000110000000000000000010000010000000000000000000000000000000000000000000000000000000001000000000000000000001010
000000000000000000000000000000000000000000000000001000000000000000000000000000000000001000000000010000000000000000000000000000000000000000000001000001
000000000000000000000010000000000000010000000000000000000000000000000000000000000000000000000000000000000000000000000000000000000000000000000000100000
000000000000000000000000001000000000000000000000000000000000100000000000000000000001000000000000000000000000000000000000000000000000000000000000000000
000000000000000000000000000000010001000000000000000100001001000000000000100000000000000000000000000000000000000000000000000000000000000000000001100000
000000000000000000000000000010000010000000000000000001000000000010000000000000000000000000000000000000000000000000000000000010000000000000000000010000


150
0 0
10 0
20 0
30 0
40 0
50 0
60 0
70 0
80 0
90 0
100 0
110 0
120 0
130 0
140 0
150 0
160 0
170 0
180 0
190 0
200 0
210 0
220 0
230 0
240 0
250 0
260 0
270 0
280 0
290 0
300 0
310 0
320 0
330 0
340 0
350 0
360 0
370 0
380 0
390 0
400 0
410 0
420 0
430 0
440 0
450 0
460 0
470 0
480 0
490 0
500 0
510 0
520 0
530 0
540 0
550 0
560 0
570 0
580 0
590 0
600 0
610 0
620 0
630 0
640 0
650 0
660 0
670 0
680 0
690 0
700 0
710 0
720 0
730 0
740 0
750 0
760 0
770 0
780 0
790 0
800 0
810 0
820 0
830 0
840 0
850 0
860 0
870 0
880 0
890 0
900 0
910 0
920 0
930 0
940 0
950 0
960 0
970 0
980 0
990 0
1000 0
1010 0
1020 0
1030 0
1040 0
1050 0
1060 0
1070 0
1080 0
1090 0
1100 0
1110 0
1120 0
1130 0
1140 0
1150 0
1160 0
1170 0
1180 0
1190 0
1200 0
1210 0
1220 0
1230 0
1240 0
1250 0
1260 0
1270 0
1280 0
1290 0
1300 0
1310 0
1320 0
1330 0
1340 0
1350 0
1360 0
1370 0
1380 0
1390 0
1400 0
1410 0
1420 0
1430 0
1440 0
1450 0
1460 0
1470 0
1480 0
1481 0
000000000000000000000000000000000000000000000000000000000000000000000000000000000000000000000000000000000000000000000000000000000000000000000000000000
000000000000000000000000000000000000000000000000000000000000000000000000000000000000000000000000000000000000000000000000000000000000000000000000000000
000000000000000000000000000000000000000000000000000000000000000000000000000000000000000000000000000000000000000000000000000000000000000000000000000000
000000000000000000000000000000000000000000000000000000000000000000000000000000000000000000000000000000000000000000000000000000000000000000000000000000
000000000000000000000000000000000000000000000000000000000000000000000000000000000000000000000000000000000000000000000000000000000000000000000000000000
000000000000000000000000000000000000000000000000000000000000000000000000000000000000000000000000000000000000000000000000000000000000000000000000000000
000000000000000000000000000000000000000000000000000000000000000000000000000000000000000000000000000000000000000000000000000000000000000000000000000000
000000000000000000000000000000000000000000000000000000000000000000000000000000000000000000000000000000000000000000000000000000000000000000000000000000
000000000000000000000000000000000000000000000000000000000000000000000000000000000000000000000000000000000000000000000000000000000000000000000000000000
000000000000000000000000000000000000000000000000000000000000000000000000000000000000000000000000000000000000000000000000000000000000000000000000000000
000000000000000000000000000000000000000000000000000000000000000000000000000000000000000000000000000000000000000000000000000000000000000000000000000000
000000000000000000000000000000000000000000000000000000000000000000000000000000000000000000000000000000000000000000000000000000000000000000000000000000
000000000000000000000000000000000000000000000000000000000000000000000000000000000000000000000000000000000000000000000000000000000000000000000000000000
000000000000000000000000000000000000000000000000000000000000000000000000000000000000000000000000000000000000000000000000000000000000000000000000000000
000000000000000000000000000000000000000000000000000000000000000000000000000000000000000000000000000000000000000000000000000000000000000000000000000000
000000000000000000000000000000000000000000000000000000000000000000000000000000000000000000000000000000000000000000000000000000000000000000000000000000
000000000000000000000000000000000000000000000000000000000000000000000000000000000000000000000000000000000000000000000000000000000000000000000000000000
000000000000000000000000000000000000000000000000000000000000000000000000000000000000000000000000000000000000000000000000000000000000000000000000000000
000000000000000000000000000000000000000000000000000000000000000000000000000000000000000000000000000000000000000000000000000000000000000000000000000000
000000000000000000000000000000000000000000000000000000000000000000000000000000000000000000000000000000000000000000000000000000000000000000000000000000
000000000000000000000000000000000000000000000000000000000000000000000000000000000000000000000000000000000000000000000000000000000000000000000000000000
000000000000000000000000000000000000000000000000000000000000000000000000000000000000000000000000000000000000000000000000000000000000000000000000000000
000000000000000000000000000000000000000000000000000000000000000000000000000000000000000000000000000000000000000000000000000000000000000000000000000000
000000000000000000000000000000000000000000000000000000000000000000000000000000000000000000000000000000000000000000000000000000000000000000000000000000
000000000000000000000000000000000000000000000000000000000000000000000000000000000000000000000000000000000000000000000000000000000000000000000000000000
000000000000000000000000000000000000000000000000000000000000000000000000000000000000000000000000000000000000000000000000000000000000000000000000000000
000000000000000000000000000000000000000000000000000000000000000000000000000000000000000000000000000000000000000000000000000000000000000000000000000000
000000000000000000000000000000000000000000000000000000000000000000000000000000000000000000000000000000000000000000000000000000000000000000000000000000
000000000000000000000000000000000000000000000000000000000000000000000000000000000000000000000000000000000000000000000000000000000000000000000000000000
000000000000000000000000000000000000000000000000000000000000000000000000000000000000000000000000000000000000000000000000000000000000000000000000000000
000000000000000000000000000000000000000000000000000000000000000000000000000000000000000000000000000000000000000000000000000000000000000000000000000000
000000000000000000000000000000000000000000000000000000000000000000000000000000000000000000000000000000000000000000000000000000000000000000000000000000
000000000000000000000000000000000000000000000000000000000000000000000000000000000000000000000000000000000000000000000000000000000000000000000000000000
000000000000000000000000000000000000000000000000000000000000000000000000000000000000000000000000000000000000000000000000000000000000000000000000000000
000000000000000000000000000000000000000000000000000000000000000000000000000000000000000000000000000000000000000000000000000000000000000000000000000000
000000000000000000000000000000000000000000000000000000000000000000000000000000000000000000000000000000000000000000000000000000000000000000000000000000
000000000000000000000000000000000000000000000000000000000000000000000000000000000000000000000000000000000000000000000000000000000000000000000000000000
000000000000000000000000000000000000000000000000000000000000000000000000000000000000000000000000000000000000000000000000000000000000000000000000000000
000000000000000000000000000000000000000000000000000000000000000000000000000000000000000000000000000000000000000000000000000000000000000000000000000000
000000000000000000000000000000000000000000000000000000000000000000000000000000000000000000000000000000000000000000000000000000000000000000000000000000
000000000000000000000000000000000000000000000000000000000000000000000000000000000000000000000000000000000000000000000000000000000000000000000000000000
000000000000000000000000000000000000000000000000000000000000000000000000000000000000000000000000000000000000000000000000000000000000000000000000000000
000000000000000000000000000000000000000000000000000000000000000000000000000000000000000000000000000000000000000000000000000000000000000000000000000000
000000000000000000000000000000000000000000000000000000000000000000000000000000000000000000000000000000000000000000000000000000000000000000000000000000
000000000000000000000000000000000000000000000000000000000000000000000000000000000000000000000000000000000000000000000000000000000000000000000000000000
000000000000000000000000000000000000000000000000000000000000000000000000000000000000000000000000000000000000000000000000000000000000000000000000000000
000000000000000000000000000000000000000000000000000000000000000000000000000000000000000000000000000000000000000000000000000000000000000000000000000000
000000000000000000000000000000000000000000000000000000000000000000000000000000000000000000000000000000000000000000000000000000000000000000000000000000
000000000000000000000000000000000000000000000000000000000000000000000000000000000000000000000000000000000000000000000000000000000000000000000000000000
000000000000000000000000000000000000000000000000000000000000000000000000000000000000000000000000000000000000000000000000000000000000000000000000000000
000000000000000000000000000000000000000000000000000000000000000000000000000000000000000000000000000000000000000000000000000000000000000000000000000000
000000000000000000000000000000000000000000000000000000000000000000000000000000000000000000000000000000000000000000000000000000000000000000000000000000
000000000000000000000000000000000000000000000000000000000000000000000000000000000000000000000000000000000000000000000000000000000000000000000000000000
000000000000000000000000000000000000000000000000000000000000000000000000000000000000000000000000000000000000000000000000000000000000000000000000000000
000000000000000000000000000000000000000000000000000000000000000000000000000000000000000000000000000000000000000000000000000000000000000000000000000000
000000000000000000000000000000000000000000000000000000000000000000000000000000000000000000000000000000000000000000000000000000000000000000000000000000
000000000000000000000000000000000000000000000000000000000000000000000000000000000000000000000000000000000000000000000000000000000000000000000000000000
000000000000000000000000000000000000000000000000000000000000000000000000000000000000000000000000000000000000000000000000000000000000000000000000000000
000000000000000000000000000000000000000000000000000000000000000000000000000000000000000000000000000000000000000000000000000000000000000000000000000000
000000000000000000000000000000000000000000000000000000000000000000000000000000000000000000000000000000000000000000000000000000000000000000000000000000
000000000000000000000000000000000000000000000000000000000000000000000000000000000000000000000000000000000000000000000000000000000000000000000000000000
000000000000000000000000000000000000000000000000000000000000000000000000000000000000000000000000000000000000000000000000000000000000000000000000000000
000000000000000000000000000000000000000000000000000000000000000000000000000000000000000000000000000000000000000000000000000000000000000000000000000000
000000000000000000000000000000000000000000000000000000000000000000000000000000000000000000000000000000000000000000000000000000000000000000000000000000
000000000000000000000000000000000000000000000000000000000000000000000000000000000000000000000000000000000000000000000000000000000000000000000000000000
000000000000000000000000000000000000000000000000000000000000000000000000000000000000000000000000000000000000000000000000000000000000000000000000000000
000000000000000000000000000000000000000000000000000000000000000000000000000000000000000000000000000000000000000000000000000000000000000000000000000000
000000000000000000000000000000000000000000000000000000000000000000000000000000000000000000000000000000000000000000000000000000000000000000000000000000
000000000000000000000000000000000000000000000000000000000000000000000000000000000000000000000000000000000000000000000000000000000000000000000000000000
000000000000000000000000000000000000000000000000000000000000000000000000000000000000000000000000000000000000000000000000000000000000000000000000000000
000000000000000000000000000000000000000000000000000000000000000000000000000000000000000000000000000000000000000000000000000000000000000000000000000000
000000000000000000000000000000000000000000000000000000000000000000000000000000000000000000000000000000000000000000000000000000000000000000000000000000
000000000000000000000000000000000000000000000000000000000000000000000000000000000000000000000000000000000000000000000000000000000000000000000000000000
000000000000000000000000000000000000000000000000000000000000000000000000000000000000000000000000000000000000000000000000000000000000000000000000000000
000000000000000000000000000000000000000000000000000000000000000000000000000000000000000000000000000000000000000000000000000000000000000000000000000000
000000000000000000000000000000000000000000000000000000000000000000000000000000000000000000000000000000000000000000000000000000000000000000000000000000
000000000000000000000000000000000000000000000000000000000000000000000000000000000000000000000000000000000000000000000000000000000000000000000000000000
000000000000000000000000000000000000000000000000000000000000000000000000000000000000000000000000000000000000000000000000000000000000000000000000000000
000000000000000000000000000000000000000000000000000000000000000000000000000000000000000000000000000000000000000000000000000000000000000000000000000000
000000000000000000000000000000000000000000000000000000000000000000000000000000000000000000000000000000000000000000000000000000000000000000000000000000
000000000000000000000000000000000000000000000000000000000000000000000000000000000000000000000000000000000000000000000000000000000000000000000000000000
000000000000000000000000000000000000000000000000000000000000000000000000000000000000000000000000000000000000000000000000000000000000000000000000000000
000000000000000000000000000000000000000000000000000000000000000000000000000000000000000000000000000000000000000000000000000000000000000000000000000000
000000000000000000000000000000000000000000000000000000000000000000000000000000000000000000000000000000000000000000000000000000000000000000000000000000
000000000000000000000000000000000000000000000000000000000000000000000000000000000000000000000000000000000000000000000000000000000000000000000000000000
000000000000000000000000000000000000000000000000000000000000000000000000000000000000000000000000000000000000000000000000000000000000000000000000000000
000000000000000000000000000000000000000000000000000000000000000000000000000000000000000000000000000000000000000000000000000000000000000000000000000000
000000000000000000000000000000000000000000000000000000000000000000000000000000000000000000000000000000000000000000000000000000000000000000000000000000
000000000000000000000000000000000000000000000000000000000000000000000000000000000000000000000000000000000000000000000000000000000000000000000000000000
000000000000000000000000000000000000000000000000000000000000000000000000000000000000000000000000000000000000000000000000000000000000000000000000000000
000000000000000000000000000000000000000000000000000000000000000000000000000000000000000000000000000000000000000000000000000000000000000000000000000000
000000000000000000000000000000000000000000000000000000000000000000000000000000000000000000000000000000000000000000000000000000000000000000000000000000
000000000000000000000000000000000000000000000000000000000000000000000000000000000000000000000000000000000000000000000000000000000000000000000000000000
000000000000000000000000000000000000000000000000000000000000000000000000000000000000000000000000000000000000000000000000000000000000000000000000000000
000000000000000000000000000000000000000000000000000000000000000000000000000000000000000000000000000000000000000000000000000000000000000000000000000000
000000000000000000000000000000000000000000000000000000000000000000000000000000000000000000000000000000000000000000000000000000000000000000000000000000
000000000000000000000000000000000000000000000000000000000000000000000000000000000000000000000000000000000000000000000000000000000000000000000000000000
000000000000000000000000000000000000000000000000000000000000000000000000000000000000000000000000000000000000000000000000000000000000000000000000000000
000000000000000000000000000000000000000000000000000000000000000000000000000000000000000000000000000000000000000000000000000000000000000000000000000000
000000000000000000000000000000000000000000000000000000000000000000000000000000000000000000000000000000000000000000000000000000000000000000000000000000
000000000000000000000000000000000000000000000000000000000000000000000000000000000000000000000000000000000000000000000000000000000000000000000000000000
000000000000000000000000000000000000000000000000000000000000000000000000000000000000000000000000000000000000000000000000000000000000000000000000000000
000000000000000000000000000000000000000000000000000000000000000000000000000000000000000000000000000000000000000000000000000000000000000000000000000000
000000000000000000000000000000000000000000000000000000000000000000000000000000000000000000000000000000000000000000000000000000000000000000000000000000
000000000000000000000000000000000000000000000000000000000000000000000000000000000000000000000000000000000000000000000000000000000000000000000000000000
000000000000000000000000000000000000000000000000000000000000000000000000000000000000000000000000000000000000000000000000000000000000000000000000000000
000000000000000000000000000000000000000000000000000000000000000000000000000000000000000000000000000000000000000000000000000000000000000000000000000000
000000000000000000000000000000000000000000000000000000000000000000000000000000000000000000000000000000000000000000000000000000000000000000000000000000
000000000000000000000000000000000000000000000000000000000000000000000000000000000000000000000000000000000000000000000000000000000000000000000000000000
000000000000000000000000000000000000000000000000000000000000000000000000000000000000000000000000000000000000000000000000000000000000000000000000000000
000000000000000000000000000000000000000000000000000000000000000000000000000000000000000000000000000000000000000000000000000000000000000000000000000000
000000000000000000000000000000000000000000000000000000000000000000000000000000000000000000000000000000000000000000000000000000000000000000000000000000
000000000000000000000000000000000000000000000000000000000000000000000000000000000000000000000000000000000000000000000000000000000000000000000000000000
000000000000000000000000000000000000000000000000000000000000000000000000000000000000000000000000000000000000000000000000000000000000000000000000000000
000000000000000000000000000000000000000000000000000000000000000000000000000000000000000000000000000000000000000000000000000000000000000000000000000000
000000000000000000000000000000000000000000000000000000000000000000000000000000000000000000000000000000000000000000000000000000000000000000000000000000
000000000000000000000000000000000000000000000000000000000000000000000000000000000000000000000000000000000000000000000000000000000000000000000000000000
000000000000000000000000000000000000000000000000000000000000000000000000000000000000000000000000000000000000000000000000000000000000000000000000000000
000000000000000000000000000000000000000000000000000000000000000000000000000000000000000000000000000000000000000000000000000000000000000000000000000000
000000000000000000000000000000000000000000000000000000000000000000000000000000000000000000000000000000000000000000000000000000000000000000000000000000
000000000000000000000000000000000000000000000000000000000000000000000000000000000000000000000000000000000000000000000000000000000000000000000000000000
000000000000000000000000000000000000000000000000000000000000000000000000000000000000000000000000000000000000000000000000000000000000000000000000000000
000000000000000000000000000000000000000000000000000000000000000000000000000000000000000000000000000000000000000000000000000000000000000000000000000000
000000000000000000000000000000000000000000000000000000000000000000000000000000000000000000000000000000000000000000000000000000000000000000000000000000
000000000000000000000000000000000000000000000000000000000000000000000000000000000000000000000000000000000000000000000000000000000000000000000000000000
000000000000000000000000000000000000000000000000000000000000000000000000000000000000000000000000000000000000000000000000000000000000000000000000000000
000000000000000000000000000000000000000000000000000000000000000000000000000000000000000000000000000000000000000000000000000000000000000000000000000000
000000000000000000000000000000000000000000000000000000000000000000000000000000000000000000000000000000000000000000000000000000000000000000000000000000
000000000000000000000000000000000000000000000000000000000000000000000000000000000000000000000000000000000000000000000000000000000000000000000000000000
000000000000000000000000000000000000000000000000000000000000000000000000000000000000000000000000000000000000000000000000000000000000000000000000000000
000000000000000000000000000000000000000000000000000000000000000000000000000000000000000000000000000000000000000000000000000000000000000000000000000000
000000000000000000000000000000000000000000000000000000000000000000000000000000000000000000000000000000000000000000000000000000000000000000000000000000
000000000000000000000000000000000000000000000000000000000000000000000000000000000000000000000000000000000000000000000000000000000000000000000000000000
000000000000000000000000000000000000000000000000000000000000000000000000000000000000000000000000000000000000000000000000000000000000000000000000000000
000000000000000000000000000000000000000000000000000000000000000000000000000000000000000000000000000000000000000000000000000000000000000000000000000000
000000000000000000000000000000000000000000000000000000000000000000000000000000000000000000000000000000000000000000000000000000000000000000000000000000
000000000000000000000000000000000000000000000000000000000000000000000000000000000000000000000000000000000000000000000000000000000000000000000000000000
000000000000000000000000000000000000000000000000000000000000000000000000000000000000000000000000000000000000000000000000000000000000000000000000000000
000000000000000000000000000000000000000000000000000000000000000000000000000000000000000000000000000000000000000000000000000000000000000000000000000000
000000000000000000000000000000000000000000000000000000000000000000000000000000000000000000000000000000000000000000000000000000000000000000000000000000
000000000000000000000000000000000000000000000000000000000000000000000000000000000000000000000000000000000000000000000000000000000000000000000000000000
000000000000000000000000000000000000000000000000000000000000000000000000000000000000000000000000000000000000000000000000000000000000000000000000000000
000000000000000000000000000000000000000000000000000000000000000000000000000000000000000000000000000000000000000000000000000000000000000000000000000000
000000000000000000000000000000000000000000000000000000000000000000000000000000000000000000000000000000000000000000000000000000000000000000000000000000
000000000000000000000000000000000000000000000000000000000000000000000000000000000000000000000000000000000000000000000000000000000000000000000000000000
000000000000000000000000000000000000000000000000000000000000000000000000000000000000000000000000000000000000000000000000000000000000000000000000000000
000000000000000000000000000000000000000000000000000000000000000000000000000000000000000000000000000000000000000000000000000000000000000000000000000000
000000000000000000000000000000000000000000000000000000000000000000000000000000000000000000000000000000000000000000000000000000000000000000000000000000
000000000000000000000000000000000000000000000000000000000000000000000000000000000000000000000000000000000000000000000000000000000000000000000000000000
000000000000000000000000000000000000000000000000000000000000000000000000000000000000000000000000000000000000000000000000000000000000000000000000000000


2
0 0
1 0
00
00

8
10 10
15 10
20 10
15 15
20 15
30 15
25 10
30 10
01000000
10111000
01001000
01001000
01110000
00000010
00000101
00000010
